46 1
57 1
86 1
107 1
116 1
173 1
238 1
239 1
246 1
251 1
310 1
312 1
316 1
118 1
140 1
209 1
270 1
290 1
318 1
344 1
368 1
373 1
137 1
241 1
375 1
377 1
378 1
362 1
138 1
361 1
13 1
176 1
229 1
328 1
104 1
185 1
193 1
284 1
385 1
315 1
360 1
141 1
162 1
195 1
379 1
136 1
357 1
380 1
381 1
40 1
313 1
314 1
383 1
384 1
17 2
19 2
34 2
37 2
56 2
95 2
102 2
115 2
132 2
179 2
218 2
165 2
196 2
201 2
220 2
230 2
232 2
236 2
299 2
341 2
347 2
348 2
369 2
319 2
353 2
355 2
358 2
365 2
366 2
285 2
364 2
105 2
367 2
370 2
354 2
376 2
133 2
194 2
2 2
188 2
382 2
38 3
42 3
54 3
55 3
78 3
80 3
127 3
154 3
163 3
171 3
189 3
205 3
224 3
297 3
306 3
325 3
139 3
174 3
327 3
333 3
339 3
350 3
352 3
119 3
99 3
267 3
276 3
286 3
346 3
363 3
359 3
142 3
235 3
22 3
307 3
372 3
374 3
371 3
309 3
53 4
47 4
58 4
74 4
97 4
106 4
130 4
144 4
146 4
159 4
243 4
250 4
148 4
161 4
192 4
252 4
256 4
261 4
263 4
294 4
296 4
300 4
320 4
329 4
208 4
279 4
302 4
326 4
331 4
281 4
167 4
168 4
289 4
343 4
345 4
351 4
356 4
303 4
3 5
8 5
11 5
27 5
49 5
121 5
124 5
149 5
216 5
219 5
234 5
152 5
248 5
254 5
308 5
264 5
274 5
117 5
292 5
283 5
288 5
311 5
349 5
265 5
324 5
340 5
156 5
44 5
342 5
41 6
45 6
64 6
66 6
70 6
76 6
96 6
122 6
129 6
147 6
214 6
184 6
135 6
211 6
228 6
233 6
245 6
100 6
157 6
262 6
273 6
295 6
298 6
301 6
334 6
337 6
282 6
187 6
305 6
322 6
338 6
291 6
28 7
33 7
50 7
52 7
77 7
87 7
79 7
92 7
155 7
160 7
175 7
191 7
226 7
244 7
203 7
227 7
253 7
258 7
177 7
255 7
268 7
269 7
207 7
330 7
260 7
287 7
336 7
317 7
321 7
323 7
304 7
332 7
75 8
84 8
23 8
90 8
128 8
166 8
108 8
181 8
183 8
202 8
221 8
242 8
212 8
231 8
247 8
111 8
150 8
266 8
249 8
257 8
271 8
278 8
293 8
272 8
280 8
335 8
82 9
68 9
24 9
101 9
125 9
29 9
71 9
109 9
114 9
158 9
170 9
172 9
182 9
126 9
178 9
210 9
206 9
215 9
223 9
225 9
237 9
85 9
186 9
240 9
259 9
275 9
277 9
14 10
16 10
21 10
35 10
61 10
30 10
94 10
72 10
91 10
98 10
164 10
169 10
151 10
180 10
197 10
213 10
134 10
222 10
204 10
199 10
217 10
12 11
32 11
59 11
36 11
48 11
81 11
51 11
60 11
63 11
69 11
89 11
123 11
145 11
112 11
113 11
131 11
153 11
190 11
198 11
200 11
4 12
7 12
9 12
18 12
25 12
1 12
43 12
26 12
143 12
83 12
93 12
110 12
120 12
73 12
103 12
15 13
20 13
39 13
62 13
67 13
31 13
88 13
10 14
65 14
6 15
5 16
